route6: 5:-1.37,0; -3,5.22; -1.37,6.52; 3.05, 2.62; 0,1.31
estimates:-1.341504,0.019214; -3.006157, 5.172261; -1.412982, 6.509650; 3.032833, 2.665064; 0.048321, 1.306612
MSE = 0.010124562976000 m
distance error = 0.131699486413153 m

route5: 4:0,2.62;-1.37,3.93;-1.37,2.62;-3,2.62
estimates:0.004489,2.573313;-1.339436,3.929567;-1.389501,2.657007;-2.958058,2.597943
MSE = 0.007129622338000 m
distance error = 0.166688288156486 m

route4: 4:3.05,0;3.05,5.22;0,3.93;0,6.52
estimates:3.007187,0.019936;3.073373,5.192726;0.008972,3.952603;-0.019604,6.480430
MSE = 0.006062059379000 m
distance error = 0.151624508000126 m

route3: 4:-3,1.31;-3,3.93;0,3.93;1.37,2.62
estimates: -2.956464,1.313662;-3.019493,3.892303;-0.037546,3.950989;1.352505,2.663185
MSE = 0.007731093885000 m
distance error = 0.175737030087236 m

route2: 3:1.37,1.31;3.05,1.31;1.37,3.93
estimates:1.330219,1.297198;3.004395,1.329209;1.407618,3.915202
MSE = 0.005829315599000 m
distance error = 0.131699486413153 m

route1: 2:-1.37,1.31;0,2.62
estimates: -1.343575,1.310149;-0.045086,2.606052
MSE = 0.002925596926000 m
distance error = 0.073619636879070 m


Mean MSE for all runs =  0.006633708517167 m
Mean distance error for all runs = 0.138511405991537 m
