tau_L:0.00003046105858270786
tau_R:0.0000308919430723273
rover_width:0.45
